21448
34339
37867
20591
58766
62230
23688
62466
48129
7013
44619
62038
3881
34420
16490
9326
61341
21849
29644
36859
56607
20292
14113
24781
27757
33921
15750
27002
65483
42362
9712
50823
60736
1556
3181
1142
63915
27143
358
56808
44831
10914
65095
6617
7171
7553
7604
21679
46021
32002
7092
52014
26814
53755
51438
42760
12782
89
57072
24842
5016
37104
37703
17693
38542
30387
64234
19047
54690
39005
15899
27638
60314
53128
6111
17255
17780
52474
21687
55617
16571
58343
27981
62592
16575
62853
1083
62359
17487
55680
26003
42374
6931
42111
43699
64965
47319
16778
2729
2159
49718
29020
23078
37664
8889
54552
10117
49736
8256
30144
46519
2371
14614
54272
33065
59685
36731
64465
35607
43868
12832
59135
32620
44627
2405
968
30155
34161
54373
19691
57699
22817
48719
13748
55079
31064
43228
7411
50331
56044
57799
55444
6319
50382
59631
45890
50467
45684
63081
30598
12454
64740
64950
55014
52838
36239
48998
51943
13043
2328
16789
43317
63461
65029
675
23488
40385
64274
39123
25965
55223
14272
13890
23651
39031
46500
23536
7160
21757
47648
44360
21742
4848
20293
30012
51543
44388
49439
62859
46457
18888
6219
64106
25289
47458
58487
20470
44807
11733
3982
19272
32453
52586
9320
14648
44663
13592
51492
39145
4524
28175
43798
16795
19642
35013
28513
19843
62748
17124
39708
26291
38752
16608
21907
18788
23838
40319
64739
49343
26715
16220
48939
46278
19823
47542
35384
40969
54102
50274
12510
26002
26097
58038
17253
56591
10209
17774
22424
62175
15781
14042
25420
12648
47213
1592
18407
42496
33053
54509
9680
35275
35145
11648
15948
2151
42639
173
37344
5175
22661
40205
51190
59320
65383
52286
12599
18035
24179
58937
47190
14617
53488
32283
19963
55468
12029
3001
53539
30932
44373
52585
59030
49584
15394
1063
51470
54432
36336
48362
43057
15838
47620
30246
54413
40297
29634
58427
63098
57759
44880
59180
14550
39414
5139
60791
23239
58485
60483
15193
32938
11242
17273
56828
53429
10160
49484
28070
49841
7053
60996
47595
8224
16841
12568
15091
25432
19562
51328
30181
12751
10190
19040
5794
64782
44092
48673
27432
9199
16462
54362
34470
5035
31681
64118
36718
46799
60446
47392
9223
30338
29569
11859
31195
7234
23058
35577
58184
47485
61067
3613
39421
54371
53941
39420
29225
60289
35348
13495
61643
41113
49120
15736
49968
36760
18597
22018
53928
20768
17851
13861
57413
55929
32270
52538
50367
5677
2870
16942
4095
20095
32494
24741
6957
14716
5123
53927
61710
2323
61362
39467
43541
26176
807
13459
53999
34042
21883
3109
33966
50012
58466
64349
40080
62268
2779
56121
38206
12108
11285
15366
45679
50950
32038
26852
22956
16050
10723
8013
9311
63484
56067
51147
61001
10460
40219
38910
43921
58063
43794
18660
30263
13158
34406
42170
52559
15514
45723
59241
44865
4753
1617
59673
42670
65193
4276
40021
50475
52130
5575
54542
46629
22475
940
10465
61665
28149
65454
4495
13
31348
34276
31050
392
35273
118
30289
62645
53432
63961
18338
58522
26703
12729
28548
27802
62987
24522
56911
19477
3211
37847
12463
17385
37136
45808
51385
5877
22161
29268
5215
35032
22678
5308
32551
5978
16546
20969
43554
49379
46876
43689
30530
46789
17291
28910
6716
23037
61926
16299
11310
41150
15173
21050
24126
19244
19607
30299
35355
9776
7582
42651
18614
44652
15310
33023
65447
15536
25918
63257
49840
49291
62799
7215
26339
54918
12432
18064
41757
61509
19209
17181
14764
25271
58129
42408
58124
25111
3950
9572
58889
24136
56742
55767
60916
13015
50173
9639
6498
37195
55154
47666
24849
51538
10020
45381
26142
24742
23130
368
38063
28670
45280
31161
25833
15947
60159
4620
64444
63035
42875
44682
9152
5481
57134
33425
9033
47065
12898
62526
15918
20337
50039
54388
6625
17111
26524
27555
41655
52462
18385
61827
2208
21766
8784
56396
15558
311
52952
60148
17309
10699
354
58322
381
49454
54078
36807
26530
62863
35600
57286
26232
24608
2440
56899
5489
44924
5050
7550
19643
44329
36432
23740
27513
59810
36805
57182
53160
20581
10574
54717
34296
28757
60364
50895
23085
21873
37284
44867
23464
34288
25736
13625
22517
45636
52316
49484
34624
44690
64752
1360
62834
13431
28844
26476
62852
54302
4688
26544
24031
64983
22395
21581
46294
23830
22374
60269
30923
26795
51361
57506
45394
45854
46056
26790
40374
14988
59783
55830
1805
783
55154
44966
63193
18349
53647
13483
52281
48148
53023
12409
23422
44731
31663
17950
26647
53824
37757
9184
30152
43375
52212
2335
63444
46569
3545
18843
25215
40303
63399
8746
11508
25000
36245
18175
16246
34476
37995
13830
58380
64206
9029
34781
58260
16238
30731
17483
40561
5216
46508
24413
65174
21938
14771
16076
58733
38257
21709
35004
9315
58180
48011
51134
38781
40278
42456
12067
51805
45928
30087
5517
5544
62539
28288
52668
5557
21125
47106
36311
11080
46069
52731
13412
39320
59717
58483
21214
28554
55569
9
35280
59893
64576
59938
30385
30855
4880
36133
36824
53498
65260
22989
42771
55165
20907
47389
14551
50340
63231
5018
4002
24074
63735
21574
65531
56642
10285
55370
59205
35905
11507
14064
59266
17082
59624
56559
61079
8239
8999
1425
40359
32730
58530
26520
21127
23448
23028
54553
37286
12059
51399
45797
56205
5592
8471
40194
10214
43170
18482
62225
62045
60260
337
38788
39942
29241
11817
38093
18003
12128
21854
38741
32404
15636
2076
42159
59662
54958
29077
64294
41984
196
26429
5553
21544
4968
11087
21252
11325
26424
36786
63709
31288
5662
3306
58415
64256
54310
13732
50230
57213
37746
10673
24960
20159
62135
55984
25576
12181
3536
4325
16518
18918
43830
40655
25664
47194
8146
20528
48149
5103
47391
56792
36875
55125
13644
7006
49226
21751
15267
29847
32619
30837
24916
3570
48106
560
44173
26992
16042
6927
42958
64843
19166
20234
7816
45227
47114
43364
59035
62221
59584
53961
42728
58014
8129
52946
28082
52879
17753
862
5213
2837
38505
64181
37307
49739
63267
18504
42431
41863
7045
56213
11846
12334
9037
39376
19113
41518
47321
56682
27426
40357
53844
43800
61533
36160
29680
48115
25710
29723
44623
59111
22995
16021
54960
59501
26741
57771
49340
36537
5688
57293
19282
65148
32950
23956
40903
61128
44957
43334
20497
40531
34384
3055
46512
14751
4157
13141
18187
16011
14101
25495
30093
